    3.630   6.262  -0.468
    5.281   5.559  -0.152
    3.867   1.339   0.806
    3.575   8.164  -5.119
    3.897   8.945  -1.030
    0.965   5.349  -1.661
    3.759   7.255   0.801
    3.091   4.960  -2.430
    3.226   0.747   1.930
    3.501  -6.073   6.990
    2.986  -3.035   2.817
    2.097  -0.815   3.031
    1.662  -5.581   7.123
    4.328  -3.953   5.744
   -1.025  -7.545   4.188
    3.037  -5.214   7.422
    2.483  -5.735   5.111
   -0.995  -2.945   1.262
   -8.913  -4.994  -5.501
   -3.407  -1.152  -3.971
   -4.917  -4.735   0.148
   -7.623  -3.458  -6.081
   -7.131  -4.462  -5.455
   -1.116  -1.217   2.813
   -9.974  -3.953  -4.156
   -4.651  -4.974  -1.242
   -0.357  -2.598   0.081
    3.884   9.956  -3.261
    3.096  -6.145   7.789
   -9.994  -4.103  -7.239
    5.112   9.705  -2.435
    4.444  10.032  -3.702
    5.184  10.549  -3.601
    0.739  -5.751   7.347
    3.968  -1.262   3.765
    3.048  -6.996   6.750
   -8.029  -4.621  -5.348
  -10.215  -5.528  -5.075
   -9.404  -3.540  -5.463
    0.490   1.802   0.505
    4.775   6.622  -0.217
    3.679  11.545  -3.560
    4.636   6.828  -2.144
    1.868   5.165  -1.864
    4.065   6.847  -3.701
    2.530  -4.212   5.867
    2.035  -3.792   7.964
    2.705  -3.634   7.015
    1.684  -2.443   3.900
    1.892  -5.515   6.060
    2.071  -5.056   7.910
   -7.562  -0.384  -6.530
   -5.706  -1.735  -5.871
   -3.876  -2.875  -1.551
   -5.794  -1.522  -1.531
   -8.441   1.767  -7.934
   -5.366  -3.533  -6.188
    2.313   1.429   3.196
    3.234   5.995  -1.621
    2.509   5.849   0.881
    4.280   5.278  -0.538
   -0.063   3.865  -1.116
    5.656   7.935  -1.444
    2.311   5.361  -3.113
    2.500   1.608  -1.656
    2.883  -2.069   4.299
    1.119  -2.218   6.519
    3.960  -3.873   4.443
    1.559   0.274   4.269
   -1.974  -3.481   2.135
    1.228  -2.786   5.262
    2.798  -3.022   4.122
    3.410   0.329   4.311
    4.645  -3.154   6.164
   -0.439  -1.333   2.879
   -3.388  -0.328  -5.726
   -3.443   1.878  -4.016
   -1.982   2.601  -2.995
   -3.241  -3.439  -2.444
   -6.247  -0.219  -3.806
   -6.655  -0.247  -5.562
   -2.343   1.186  -4.496
    0.586  -0.445  -0.532
   -6.045  -2.756  -3.147
   -1.283   1.557  -4.289
    2.330   3.544  -3.522
    0.977  -3.619   0.898




 