87 3 3
1.0000 1.5714 1.7238 1.6930
1.0000 1.2593 1.5686 2.6922
1.0000 1.1875 1.5227 3.2535
1.0000 0.7931 3.4259 1.8915
1.0000 0.9630 3.4444 2.2185
1.0000 1.4783 2.4315 1.7892
1.0000 0.8571 3.5119 1.9418
1.0000 1.0690 2.1104 2.4241
1.0000 1.1176 2.1073 2.1582
1.0000 0.9310 2.2710 4.0889
1.0000 1.1852 1.5937 2.2902
1.0000 1.1724 1.3951 2.9864
1.0000 1.0370 2.5833 1.8827
1.0000 1.0323 1.4220 2.7881
1.0000 0.9333 1.6094 1.4697
1.0000 0.9630 1.4836 2.9136
1.0000 0.8710 1.9655 1.9763
1.0000 1.0286 1.1397 2.4438
1.0000 0.8438 2.1124 1.8678
1.0000 0.8529 2.5385 1.7474
1.0000 0.9286 1.4381 2.1906
1.0000 0.7297 2.2934 1.7519
1.0000 0.8571 1.7857 2.1168
1.0000 0.9722 1.1333 2.7530
1.0000 0.8788 2.1212 1.8553
1.0000 0.7838 1.0976 1.9889
1.0000 0.9688 1.7727 1.9550
1.0000 0.9259 5.4464 2.1900
1.0000 1.0000 1.4447 3.0080
1.0000 0.8485 2.1241 1.8676
1.0000 0.8929 5.5909 2.1458
1.0000 1.0000 4.3243 2.1585
1.0000 0.9630 5.1667 2.2757
1.0000 0.9000 1.4200 2.8303
1.0000 0.8966 2.6887 1.4513
1.0000 1.0357 1.4562 3.5274
1.0000 0.7714 1.3000 1.8174
1.0000 0.8750 1.8000 1.9797
1.0000 0.8788 1.5971 1.7225
1.0000 1.3448 1.8333 1.7342
1.0000 1.0000 4.0753 2.2027
1.0000 1.0000 4.9194 2.0891
1.0000 1.2069 1.2430 2.9177
1.0000 1.2333 1.2876 2.1549
1.0000 1.0345 3.0093 1.5414
1.0000 0.8966 1.3710 2.4643
1.0000 0.9615 1.5906 3.7644
1.0000 1.4074 1.1148 2.8467
1.0000 1.0000 2.1063 1.7204
1.0000 1.2000 1.4468 2.5641
1.0000 1.4231 1.1641 2.9619
1.0000 0.8000 2.0724 2.3683
1.0000 0.7222 1.8000 1.4330
1.0000 0.9375 1.3596 1.9032
1.0000 1.2424 1.3987 1.8001
1.0000 0.7436 2.2059 1.8031
1.0000 0.8235 1.2949 2.5517
1.0000 1.3077 1.7615 3.2488
1.0000 1.3333 2.5877 1.9271
1.0000 1.2759 2.7899 1.7639
1.0000 1.2308 2.1562 1.3412
1.0000 1.2581 1.5135 2.0756
1.0000 1.2778 2.9706 1.7653
1.0000 1.1429 2.7713 1.7973
1.0000 1.1852 1.2281 1.5366
1.0000 1.2692 1.8642 2.5857
1.0000 1.2000 1.7109 2.4625
1.0000 1.2308 2.1154 2.6491
1.0000 1.0323 1.2366 2.9285
1.0000 0.7750 1.0991 2.4664
1.0000 1.2000 1.0866 2.3243
1.0000 1.1852 1.5490 1.8845
1.0000 1.8333 2.2849 2.4567
1.0000 1.0000 2.1203 2.3702
1.0000 0.7647 1.5764 1.8526
1.0000 0.7143 1.8090 2.2486
1.0000 0.7941 2.9167 2.0135
1.0000 0.8000 1.6875 2.0291
1.0000 1.1765 1.2437 3.1334
1.0000 0.7368 1.6456 2.5298
1.0000 0.9063 2.1207 1.3482
1.0000 0.9697 2.4275 2.0576
1.0000 0.9310 1.9314 1.4964
1.0000 0.9375 1.4779 1.5949
1.0000 0.9355 1.3389 1.8190
1.0000 0.9200 1.2421 3.1662
1.0000 0.8378 1.5638 1.9523
-6.9773 1.9055 0.5466
-7.6137 0.6727 -0.6344
-3.6746 -1.5247 -1.2537
-7.8604 6.4907 -1.3114
-9.0581 3.5149 1.3611
-4.3880 3.4634 1.0273
-7.9156 1.3272 1.7280
-5.4658 3.0462 -0.9541
-2.9220 -2.4373 -0.4631
1.3591 -9.7627 -0.9187
-0.0888 -4.8341 -1.6394
-1.1287 -3.5992 0.1383
2.2312 -8.9089 0.5476
-0.6214 -8.1025 -1.1455
5.7761 -6.4697 -0.5361
1.0030 -9.5128 0.0564
1.9902 -7.7217 -1.2623
2.6950 -1.9977 -0.0656
10.2255 5.4773 -0.2693
3.5440 3.9235 -0.8667
6.7663 -0.4221 0.8113
8.2907 6.1533 -0.6671
8.6268 4.9909 -1.0870
1.3612 -2.3512 1.8051
10.0497 5.3310 1.7226
6.8997 0.4536 -0.3181
2.1284 -1.1545 -1.0101
-9.5626 5.7557 0.5106
1.6054 -10.2659 -0.2161
10.4823 7.6936 -0.2157
-10.2941 4.5023 0.1265
-9.9536 5.9182 -0.0680
-10.8406 5.7917 -0.2116
2.9570 -8.8017 1.1747
-2.1419 -5.1277 -0.7986
2.3631 -9.8331 -1.2383
9.3400 5.1856 -0.5416
11.4542 5.4025 0.5360
9.4941 6.3298 0.7758
-1.6964 0.2638 0.8917
-8.0394 1.4276 0.1648
-10.5531 6.8257 1.2404
-7.9022 3.0967 -0.8195
-4.8443 3.1802 0.2516
-7.3738 4.5574 -1.4027
0.7712 -7.6133 -0.0811
0.5895 -8.8696 1.7107
0.1163 -8.3117 0.7945
0.2507 -4.8921 0.1209
2.1339 -8.1312 -0.2095
1.4923 -9.4406 1.0312
6.0527 7.9400 0.5376
5.7156 6.0486 -0.8807
4.8759 1.3865 0.0477
5.1844 2.7687 1.9195
5.2193 10.4119 1.2914
6.8289 5.3118 -2.1718
-2.9276 -2.7503 1.2112
-6.3988 2.8435 -0.0403
-6.0530 1.0898 1.8608
-6.6922 1.2378 -0.3853
-2.6643 2.7361 1.2664
-9.4703 2.6691 -0.4817
-5.1617 4.0813 -0.6869
-2.6987 1.0802 -1.7685
-0.8726 -5.5024 -0.1966
0.2063 -6.6245 2.1769
-0.2997 -6.8958 -1.6685
-1.6829 -3.8454 1.7638
3.6603 -2.5531 0.8094
0.6727 -5.9472 1.0643
-0.1022 -5.7807 -0.7216
-2.9796 -4.5821 0.6656
-1.4606 -8.1801 -0.6931
0.9806 -2.7251 1.3669
3.1068 5.6877 -1.5401
1.3632 5.4092 0.6230
-0.2549 4.3727 0.6920
4.9465 1.5715 -1.1686
4.7692 5.3553 1.4600
5.2419 6.8855 0.6314
1.1719 5.0257 -0.6942
-0.0184 -0.0228 -0.9077
6.4167 3.5547 0.4835
0.1633 4.6206 -1.0445
-3.8078 3.5342 -1.8441
1.8883 -2.8081 -1.8453
