
Baseline exemplar model fitted to all-subjects data

between           1.738
scale (within)    0.180
c                 0.527
gamma             5.000

 SSE =           0.016


  1   0.849  0.891  0.846  0.723  0.614
  1   0.860  0.926  0.873  0.771  0.637




  2   0.690  0.777  0.753  0.677  0.595
  2   0.698  0.791  0.745  0.692  0.631




  3   0.594  0.665  0.653  0.614  0.563
  3   0.532  0.636  0.637  0.587  0.512




  4   0.698  0.816  0.779  0.683  0.595
  4   0.697  0.806  0.760  0.696  0.593




  fit=           0.016
