
Exemplar model with low-medium-high parameters
 fitted to top-90% subjects data

between   2.327
c         0.371
gamma     5.000
low       0.110
medium    0.491
high      1.006

 SSE =           0.013


  1   0.914  0.926  0.914  0.787  0.630
  1   0.899  0.976  0.916  0.809  0.657




  2   0.745  0.817  0.812  0.738  0.616
  2   0.730  0.845  0.789  0.732  0.661




  3   0.599  0.674  0.672  0.640  0.575
  3   0.551  0.676  0.683  0.615  0.538




  4   0.739  0.853  0.841  0.739  0.611
  4   0.739  0.866  0.811  0.739  0.626




  fit=           0.013
