Exemplar model with free parameters for low, medium, high
  fitted to all-subjects data

between   1.966
c         0.371
gamma     5.000
low       0.098
medium    0.398
high      0.824

 SSE =           0.010


  1   0.875  0.890  0.874  0.754  0.609
  1   0.860  0.926  0.873  0.771  0.637




  2   0.711  0.777  0.771  0.705  0.594
  2   0.698  0.791  0.745  0.692  0.631




  3   0.572  0.639  0.637  0.611  0.554
  3   0.532  0.636  0.637  0.587  0.512




  4   0.702  0.806  0.793  0.703  0.589
  4   0.697  0.806  0.760  0.696  0.593




  fit=           0.010
