
Baseline exemplar model fitted to 
  top-90% subjects data
 
between         1.691
scale (within)  0.177
c               0.657
gamma           5.000

 SSE =           0.021


  1   0.889  0.927  0.886  0.757  0.638
  1   0.899  0.976  0.916  0.809  0.657




  2   0.730  0.825  0.799  0.714  0.621
  2   0.730  0.845  0.789  0.732  0.661




  3   0.630  0.710  0.696  0.648  0.588
  3   0.551  0.676  0.683  0.615  0.538




  4   0.739  0.866  0.827  0.721  0.621
  4   0.739  0.866  0.811  0.739  0.626




  fit=           0.021
